VÉRTICES + RÓTULOS
0 VAZIO
1 "Universidade
2 "Parque
3 "Lagoa
4 "Mercado
5 "Ponte"
6 "Acesso
7 "Praia
8 "Praia
9 "Elevado
10 "Beira
ARESTAS
1 2, 350.0
1 4, 4100.0
1 9, 8300.0
1 10, 3700.0
2 1, 350.0
2 10, 6600.0
2 3, 6000.0
3 2, 6000.0
3 7, 5600.0
3 8, 4900.0
3 9, 9500.0
4 1, 4100.0
4 5, 1500.0
4 10, 2000.0
5 4, 1500.0
5 6, 8800.0
5 10, 3100.0
6 5, 8800.0
7 3, 5600.0
7 8, 3400.0
7 9, 12500.0
8 3, 4900.0
8 7, 3400.0
8 9, 12000.0
9 1, 8300.0
9 3, 9500.0
9 7, 12500.0
9 8, 12000.0
9 10, 14000.0
10 1, 3700.0
10 2, 6600.0
10 4, 2000.0
10 5, 3100.0
10 9, 14000.0
17
